10:25:30.329396 Board 1  -0.441215456  -1.806882262  -0.285139233  -0.285139233
10:25:30.883676 Board 1  0  -1.686823606  -0.285139233  -0.285139233
10:25:31.443135 Board 1  0.000375011  -0.197631031  0.000750023  -0.16744262
10:25:32.000434 Board 1  0  -1.704832435  -0.285139233  -0.285139233
10:25:32.558814 Board 1  0  -1.671816349  -0.285139233  -0.285139233
10:25:33.125319 Board 1  0.306149483  -1.815886736  -0.285139233  -0.285139233
10:25:33.690103 Board 1  0  -0.148692042  0.001125034  -0.140816793
10:25:34.245566 Board 1  0  -1.704832435  -0.285139233  -0.285139233
10:25:34.811453 Board 1  0.345168531  -1.797877908  -0.285139233  -0.285139233
10:25:35.370327 Board 1  0.000375011  -0.156004757  0.001687551  -0.132754058
10:25:35.930064 Board 1  0  -1.707833886  -0.285139233  -0.285139233
10:25:36.493557 Board 1  -0.039019052  -1.509737253  -0.285139233  -0.285139233
10:25:37.054880 Board 1  0.000375011  -0.162192449  0.000750023  -0.142316833
10:25:37.614556 Board 1  -0.132064477  -1.632797241  -0.285139233  -0.285139233
10:25:38.177559 Board 1  -0.168082073  -1.545754671  -0.285139233  -0.285139233
10:25:38.734308 Board 1  0.195095271  -1.608785629  -0.285139233  -0.285139233
10:25:39.303502 Board 1  0.000187506  -0.154879719  0.001125034  -0.108003296
10:25:39.863578 Board 1  0.024011726  -1.569766521  -0.285139233  -0.285139233
10:25:40.425647 Board 1  -0.201098204  -1.602782607  -0.285139233  -0.285139233
10:25:40.985685 Board 1  -0.45021984  -1.803880811  -0.285139233  -0.285139233
10:25:41.552096 Board 1  0.513250649  -1.704832435  -0.285139233  -0.285139233
10:25:42.113014 Board 1  0  -1.746852994  -0.285139233  -0.285139233
10:25:42.673031 Board 1  0  -1.812885284  -0.285139233  -0.285139233
10:25:43.235358 Board 1  -0.444216907  -1.950952649  -0.285139233  -0.285139233
10:25:43.804218 Board 1  -0.234114304  -2.086018562  -0.285139233  -0.285139233
10:25:44.368937 Board 1  0.570278466  -1.926940918  -0.285139233  -0.285139233
10:25:44.939840 Board 1  0.000375011  -0.151129618  0.001125034  -0.142129332
10:25:45.503804 Board 1  -0.309150964  -1.82188952  -0.285139233  -0.285139233
10:25:46.066905 Board 1  0  -1.662811995  -0.285139233  -0.285139233
10:25:46.633120 Board 1  0  -1.869912982  -0.285139233  -0.285139233
10:25:47.202496 Board 1  -0.573279917  -1.539751887  -0.285139233  -0.285139233
10:25:47.771591 Board 1  0.195095271  -1.704832435  -0.285139233  -0.285139233
10:25:48.341309 Board 1  -0.912445545  -1.668814778  -0.285139233  -0.285139233
10:25:48.905244 Board 1  -0.267130435  -2.089020014  -0.285139233  -0.285139233
10:25:49.468085 Board 1  0  -1.707833886  -0.285139233  -0.285139233
10:25:50.032557 Board 1  0.000187506  -0.154317215  0.001500046  -0.146254465
10:25:50.594202 Board 1  0  -1.575769424  -0.285139233  -0.285139233
10:25:51.162139 Board 1  0  -1.764861822  -0.285139233  -0.285139233
10:25:51.723331 Board 1  0  -1.707833886  -0.285139233  -0.285139233
10:25:52.284331 Board 1  -0.039019052  -1.707833886  -0.285139233  -0.285139233
10:25:52.846013 Board 1  -0.771376669  -1.938946724  -0.285139233  -0.285139233
10:25:53.411999 Board 1  0.774378121  -2.01698494  -0.285139233  -0.285139233
10:25:53.994838 Board 1  0.132064477  -1.848902822  -0.285139233  -0.285139233
10:25:54.566227 Board 1  -0.681332648  -1.872914433  -0.285139233  -0.285139233
10:25:55.137978 Board 1  -0.25812605  -2.245096207  -0.285139233  -0.285139233
10:25:55.708119 Board 1  -0.069033705  -1.638800263  -0.285139233  -0.285139233
10:25:56.276703 Board 1  0.033016119  -1.800879359  -0.285139233  -0.285139233
10:25:56.840215 Board 1  0  -1.716838241  -0.285139233  -0.285139233
10:25:57.411092 Board 1  0.000375011  -0.155629754  0.000750023  -0.146816984
10:25:57.982507 Board 1  -0.399194896  -1.800879359  -0.285139233  -0.285139233
10:25:58.551750 Board 1  -0.672328293  -1.728844166  -0.285139233  -0.285139233
10:25:59.115543 Board 1  0  -1.665813327  -0.285139233  -0.285139233
10:25:59.681015 Board 1  0.141068891  -1.707833886  -0.285139233  -0.285139233
10:26:00.246906 Board 1  -0.663323879  -2.046999454  -0.285139233  -0.285139233
10:26:00.818146 Board 1  0  -1.671816349  -0.285139233  -0.285139233
10:26:01.399360 Board 1  -0.348169982  -1.920938015  -0.285139233  -0.285139233
10:26:01.971680 Board 1  0.000187506  -0.150567085  0.00131254  -0.146066964
10:26:02.540704 Board 1  -0.306149483  -1.707833886  -0.285139233  -0.285139233
10:26:03.103817 Board 1  -0.483235955  -1.578770995  -0.285139233  -0.285139233
10:26:03.672219 Board 1  -0.264128953  -1.710835457  -0.285139233  -0.285139233
10:26:04.242371 Board 1  -0.240117252  -1.746852994  -0.285139233  -0.285139233
10:26:04.807747 Board 1  -0.444216907  -1.863910198  -0.285139233  -0.285139233
10:26:05.376767 Board 1  0  -1.707833886  -0.285139233  -0.285139233
10:26:05.947291 Board 1  0  -1.710835457  -0.285139233  -0.285139233
10:26:06.513387 Board 1  0  -1.731845737  -0.285139233  -0.285139233
10:26:07.084961 Board 1  -0.273133367  -1.623792887  -0.285139233  -0.285139233
10:26:07.656466 Board 1  -0.507247686  -1.707833886  -0.285139233  -0.285139233
10:26:08.213192 Board 1  -0.492240369  -1.707833886  -0.285139233  -0.285139233
10:26:08.782755 Board 1  0.351171494  -2.185066938  -0.285139233  -0.285139233
10:26:09.350456 Board 1  0.000562517  -0.168755159  0.001500046  -0.141004309
10:26:09.929766 Board 1  0.000187506  -0.155629754  0.001875057  -0.136504173
10:26:10.508724 Board 1  -0.366178781  -2.0379951  -0.285139233  -0.285139233
10:26:11.082806 Board 1  0.327159733  -1.86691165  -0.285139233  -0.285139233
10:26:11.660631 Board 1  -0.195095271  -2.043998003  -0.285139233  -0.285139233
10:26:12.230691 Board 1  -1.047511578  -1.806882262  -0.285139233  -0.285139233
10:26:12.796626 Board 1  0.036017586  -1.605784059  -0.285139233  -0.285139233
10:26:13.363935 Board 1  0.02701319  -1.848902822  -0.285139233  -0.285139233
10:26:13.921251 Board 1  0.003001466  -1.851904273  -0.285139233  -0.285139233
10:26:14.500840 Board 1  0  -1.923939347  -0.285139233  -0.285139233
10:26:15.072269 Board 1  0.000375011  -0.164067507  0.001125034  -0.140066773
10:26:15.648682 Board 1  0.399194896  -1.7588588  -0.285139233  -0.285139233
10:26:16.212889 Board 1  0  -1.767863154  -0.285139233  -0.285139233
10:26:16.778467 Board 1  0  -1.731845737  -0.285139233  -0.285139233
10:26:17.354504 Board 1  -1.026501298  -1.881918907  -0.285139233  -0.285139233
10:26:17.923986 Board 1  -0.735359073  -2.179064035  -0.285139233  -0.285139233
10:26:18.499976 Board 1  0.234114304  -1.713836908  -0.285139233  -0.285139233
10:26:19.071516 Board 1  0  -1.635798693  -0.285139233  -0.285139233
10:26:19.641912 Board 1  0  -1.713836908  -0.285139233  -0.285139233
10:26:20.206491 Board 1  0  -1.668814778  -0.285139233  -0.285139233
10:26:20.772385 Board 1  0  -1.818888068  -0.285139233  -0.285139233
10:26:21.345814 Board 1  -0.576281369  -1.710835457  -0.285139233  -0.285139233
10:26:21.920695 Board 1  0  -1.746852994  -0.285139233  -0.285139233
10:26:22.494832 Board 1  -0.297145069  -1.710835457  -0.285139233  -0.285139233
10:26:23.069661 Board 1  -0.480234504  -1.515740037  -0.285139233  -0.285139233
10:26:23.637942 Board 1  -0.510249138  -1.710835457  -0.285139233  -0.285139233
10:26:24.218332 Board 1  0  -1.740850091  -0.285139233  -0.285139233
10:26:24.777880 Board 1  -0.357174397  -1.929942369  -0.285139233  -0.285139233
10:26:25.352932 Board 1  0.000187506  -0.155254737  0.00131254  -0.147191986
10:26:25.925323 Board 1  -0.657320976  -1.710835457  -0.285139233  -0.285139233
10:26:26.493185 Board 1  0.273133367  -1.82489109  -0.285139233  -0.285139233
10:26:27.067653 Board 1  0.348169982  -2.182065487  -0.285139233  -0.285139233
10:26:27.645901 Board 1  0.285139233  -1.749854445  -0.285139233  -0.285139233
10:26:28.204826 Board 1  -0.219106987  -1.7588588  -0.285139233  -0.285139233
10:26:28.778436 Board 1  0  -1.674817801  -0.285139233  -0.285139233
10:26:29.350013 Board 1  0.000375011  -0.153754696  0.001500046  -0.133129075
10:26:29.923731 Board 1  0  -0.153004661  0.000750023  -0.134254098
10:26:30.491235 Board 1  0.228111386  -1.617789865  -0.285139233  -0.285139233
10:26:31.072517 Board 1  0  -1.707833886  -0.285139233  -0.285139233
10:26:31.650483 Board 1  -0.000187506  -0.16744262  0.000562517  -0.133504063
10:26:32.221142 Board 1  0  -1.710835457  -0.285139233  -0.285139233
10:26:32.793580 Board 1  0.198096722  -1.731845737  -0.285139233  -0.285139233
10:26:33.363409 Board 1  -0.369180292  -1.647804499  -0.285139233  -0.285139233
10:26:33.933341 Board 1  -1.113543749  -1.560762167  -0.285139233  -0.285139233
10:26:34.513738 Board 1  0  -0.137816697  0.00131254  -0.13162902
10:26:35.094273 Board 1  0  -1.623792887  -0.285139233  -0.285139233
10:26:35.676458 Board 1  -0.75036639  -1.710835457  -0.285139233  -0.285139233
10:26:36.235259 Board 1  0.000187506  -0.170255199  0.001500046  -0.163692489
10:26:36.808792 Board 1  0  -1.641801715  -0.285139233  -0.285139233
10:26:37.379040 Board 1  -0.075036645  -1.82489109  -0.285139233  -0.285139233
10:26:37.954202 Board 1  -0.648316562  -1.713836908  -0.285139233  -0.285139233
10:26:38.530727 Board 1  0.198096722  -1.713836908  -0.285139233  -0.285139233
10:26:39.098060 Board 1  -0.861420631  -2.116033316  -0.285139233  -0.285139233
10:26:39.658051 Board 1  0.033016119  -1.764861822  -0.285139233  -0.285139233
10:26:40.236076 Board 1  -0.675329745  -2.050000906  -0.285139233  -0.285139233
10:26:40.798626 Board 1  -0.087042496  -1.716838241  -0.285139233  -0.285139233
10:26:41.366137 Board 1  0  -1.545754671  -0.285139233  -0.285139233
10:26:41.938507 Board 1  0  -1.476721168  -0.285139233  -0.285139233
10:26:42.507836 Board 1  0  -1.704832435  -0.285139233  -0.285139233
10:26:43.082166 Board 1  -0.57928282  -1.710835457  -0.285139233  -0.285139233
10:26:43.657267 Board 1  0  -1.704832435  -0.285139233  -0.285139233
10:26:44.239514 Board 1  -0.000187506  -0.138004214  0.00131254  -0.101065584
10:26:44.799053 Board 1  -0.060029313  -1.710835457  -0.285139233  -0.285139233
10:26:45.367552 Board 1  0  -1.82188952  -0.285139233  -0.285139233
10:26:45.953469 Board 1  0  -1.929942369  -0.285139233  -0.285139233
10:26:46.525327 Board 1  0  -1.842899919  -0.285139233  -0.285139233
10:26:47.113052 Board 1  0  -2.140044928  -0.285139233  -0.285139233
10:26:47.685914 Board 1  0.039019052  -1.794876456  -0.285139233  -0.285139233
10:26:48.258696 Board 1  0  -1.623792887  -0.285139233  -0.285139233
10:26:48.839796 Board 1  -0.051024914  -1.58777535  -0.285139233  -0.285139233
10:26:49.415493 Board 1  0  -1.689825177  -0.285139233  -0.285139233
10:26:49.991515 Board 1  0  -0.176630393  0.001500046  -0.15206714
10:26:50.564906 Board 1  0  -1.69582808  -0.285139233  -0.285139233
10:26:51.147363 Board 1  -0.009004396  -1.713836908  -0.285139233  -0.285139233
10:26:51.721292 Board 1  0  -2.007980347  -0.285139233  -0.285139233
10:26:52.299067 Board 1  -0.537262321  -1.692826629  -0.285139233  -0.285139233
10:26:52.873955 Board 1  0.066032238  -1.713836908  -0.285139233  -0.285139233
10:26:53.440422 Board 1  0.05402638  -1.875916004  -0.285139233  -0.285139233
10:26:54.023364 Board 1  0  -1.713836908  -0.285139233  -0.285139233
10:26:54.597895 Board 1  0  -1.770864606  -0.285139233  -0.285139233
10:26:55.163426 Board 1  0.219106987  -1.716838241  -0.285139233  -0.285139233
10:26:55.738049 Board 1  -0.444216907  -2.0379951  -0.285139233  -0.285139233
10:26:56.315185 Board 1  0  -1.73784852  -0.285139233  -0.285139233
10:26:56.891267 Board 1  0  -1.713836908  -0.285139233  -0.285139233
10:26:57.476006 Board 1  0  -1.755857348  -0.285139233  -0.285139233
10:26:58.054367 Board 1  0  -1.707833886  -0.285139233  -0.285139233
10:26:58.620785 Board 1  -0.366178781  -1.992973089  -0.285139233  -0.285139233
10:26:59.191051 Board 1  0.276134819  -1.716838241  -0.285139233  -0.285139233
10:26:59.751979 Board 1  0  -1.761860371  -0.285139233  -0.285139233
10:27:00.333363 Board 1  -0.072035171  -1.82489109  -0.285139233  -0.285139233
10:27:00.907457 Board 1  0  -1.725842714  -0.285139233  -0.285139233
10:27:01.479390 Board 1  -0.021010259  -1.710835457  -0.285139233  -0.285139233
10:27:02.065147 Board 1  -0.537262321  -1.689825177  -0.285139233  -0.285139233
10:27:02.645076 Board 1  0.000187506  -0.158817351  0.001125034  -0.148317024
10:27:03.230008 Board 1  0.069033705  -1.662811995  -0.285139233  -0.285139233
10:27:03.803966 Board 1  0  -1.692826629  -0.285139233  -0.285139233
10:27:04.371214 Board 1  0.000187506  -0.13162902  0.001500046  -0.12281625
10:27:04.939291 Board 1  0  -1.929942369  -0.285139233  -0.285139233
10:27:05.513050 Board 1  0  -1.728844166  -0.285139233  -0.285139233
10:27:06.087751 Board 1  0  -1.503734231  -0.285139233  -0.285139233
10:27:06.671224 Board 1  -0.069033705  -1.710835457  -0.285139233  -0.285139233
10:27:07.251732 Board 1  -0.243118718  -1.827892542  -0.285139233  -0.285139233
10:27:07.830424 Board 1  0.000375011  -0.15281716  0.001125034  -0.132754058
10:27:08.408105 Board 1  0.066032238  -1.572767973  -0.285139233  -0.285139233
10:27:08.997258 Board 1  0.228111386  -1.716838241  -0.285139233  -0.285139233
10:27:09.576959 Board 1  0.05402638  -2.119034767  -0.285139233  -0.285139233
10:27:10.152807 Board 1  0  -1.764861822  -0.285139233  -0.285139233
10:27:10.738298 Board 1  0  -1.716838241  -0.285139233  -0.285139233
10:27:11.321004 Board 1  0.294143617  -1.749854445  -0.285139233  -0.285139233
10:27:11.898660 Board 1  0.05402638  -2.119034767  -0.285139233  -0.285139233
10:27:12.464540 Board 1  0  -1.785871983  -0.285139233  -0.285139233
10:27:13.041812 Board 1  0.000187506  -0.153942198  0.001687551  -0.135754138
10:27:13.610579 Board 1  -0.120058626  -1.716838241  -0.285139233  -0.285139233
10:27:14.188088 Board 1  0.051024914  -1.752855897  -0.285139233  -0.285139233
10:27:14.746923 Board 1  0.126061559  -1.82188952  -0.285139233  -0.285139233
10:27:15.332690 Board 1  0  -1.932943821  -0.285139233  -0.285139233
10:27:15.926263 Board 1  0  -1.671816349  -0.285139233  -0.285139233
10:27:16.507044 Board 1  0.000187506  -0.151129618  0.001500046  -0.138379216
10:27:17.095479 Board 1  0.051024914  -2.119034767  -0.285139233  -0.285139233
10:27:17.683003 Board 1  0.219106987  -1.623792887  -0.285139233  -0.285139233
10:27:18.269243 Board 1  0  -2.287116766  -0.285139233  -0.285139233
10:27:18.858748 Board 1  0  -1.776867628  -0.285139233  -0.285139233
10:27:19.437800 Board 1  0  -1.716838241  -0.285139233  -0.285139233
10:27:19.986154 Board 1  0.000187506  -0.138379216  0.000937529  -0.132566541
10:27:20.569519 Board 1  -0.32115683  -2.01698494  -0.285139233  -0.285139233
10:27:21.153358 Board 1  -0.312152416  -1.713836908  -0.285139233  -0.285139233
10:27:21.721597 Board 1  0  -1.719839692  -0.285139233  -0.285139233
10:27:22.292871 Board 1  0  -1.635798693  -0.285139233  -0.285139233
10:27:22.880295 Board 1  -0.012005863  -1.84590137  -0.285139233  -0.285139233
10:27:23.463617 Board 1  -0.363177329  -1.932943821  -0.285139233  -0.285139233
10:27:24.032824 Board 1  0  -1.770864606  -0.285139233  -0.285139233
10:27:24.618614 Board 1  0.051024914  -2.119034767  -0.285139233  -0.285139233
10:27:25.195929 Board 1  0.273133367  -1.662811995  -0.285139233  -0.285139233
10:27:25.767287 Board 1  0.222108454  -1.833895564  -0.285139233  -0.285139233
10:27:26.339297 Board 1  0.336164147  -2.056004047  -0.285139233  -0.285139233
10:27:26.903155 Board 1  -0.354172945  -1.713836908  -0.285139233  -0.285139233
10:27:27.475689 Board 1  0  -1.746852994  -0.285139233  -0.285139233
10:27:28.049921 Board 1  -0.08103957  -1.254612684  -0.285139233  -0.285139233
10:27:28.628805 Board 1  0.216105521  -1.557760715  -0.285139233  -0.285139233
10:27:29.199153 Board 1  0.009004396  -1.722841263  -0.285139233  -0.285139233
10:27:29.764332 Board 1  0.05402638  -2.134042263  -0.285139233  -0.285139233
10:27:30.337123 Board 1  -0.564275563  -1.731845737  -0.285139233  -0.285139233
10:27:30.917577 Board 1  0  -1.872914433  -0.285139233  -0.285139233
10:27:31.487076 Board 1  0  -1.785871983  -0.285139233  -0.285139233
10:27:32.079203 Board 1  0  -1.58777535  -0.285139233  -0.285139233
10:27:32.658419 Board 1  -0.051024914  -1.716838241  -0.285139233  -0.285139233
10:27:33.241612 Board 1  0  -1.740850091  -0.285139233  -0.285139233
10:27:33.830127 Board 1  0.000375011  -0.154129714  0.001500046  -0.138754234
10:27:34.393064 Board 1  0.000375011  -0.165380046  0.001500046  -0.113440968
10:27:34.963919 Board 1  0  -1.710835457  -0.285139233  -0.285139233
10:27:35.538038 Board 1  0.05402638  -1.794876456  -0.285139233  -0.285139233
10:27:36.090196 Board 1  0  -1.740850091  -0.285139233  -0.285139233
10:27:36.675086 Board 1  0  -1.893924832  -0.285139233  -0.285139233
10:27:37.255727 Board 1  0  -1.518741608  -0.285139233  -0.285139233
10:27:37.842367 Board 1  0  -1.716838241  -0.285139233  -0.285139233
10:27:38.420021 Board 1  -0.126061559  -1.713836908  -0.285139233  -0.285139233
10:27:38.999186 Board 1  -0.000375011  -0.192568377  0.000750023  -0.164442524
10:27:39.572088 Board 1  0.342167079  -1.881918907  -0.285139233  -0.285139233
10:27:40.154731 Board 1  -0.351171494  -1.848902822  -0.285139233  -0.285139233
10:27:40.742874 Board 1  -0.369180292  -2.019986391  -0.285139233  -0.285139233
10:27:41.327665 Board 1  -0.000187506  -0.150567085  0.001125034  -0.13969177
10:27:41.905601 Board 1  0.000375011  -0.13387908  0.001687551  -0.139129251
10:27:42.486396 Board 1  0.051024914  -1.815886736  -0.285139233  -0.285139233
10:27:43.069077 Board 1  0.000562517  -0.174380317  0.000937529  -0.153004661
10:27:43.630952 Board 1  0.000187506  -0.164067507  0.00131254  -0.11269094
10:27:44.200423 Board 1  0  -1.467716694  -0.285139233  -0.285139233
10:27:44.761376 Board 1  0.237115785  -1.716838241  -0.285139233  -0.285139233
10:27:45.342589 Board 1  0.126061559  -1.716838241  -0.285139233  -0.285139233
10:27:45.925702 Board 1  0.000562517  -0.183943123  0.000750023  -0.135191634
10:27:46.498433 Board 1  0.282137781  -1.716838241  -0.285139233  -0.285139233
10:27:47.086876 Board 1  0.294143617  -1.833895564  -0.285139233  -0.285139233
10:27:47.662990 Board 1  0.216105521  -1.836896896  -0.285139233  -0.285139233
10:27:48.245735 Board 1  0.000750023  -0.157129794  0.001500046  -0.156192273
10:27:48.818510 Board 1  0.165080607  -1.713836908  -0.285139233  -0.285139233
10:27:49.396449 Board 1  0.219106987  -1.776867628  -0.285139233  -0.285139233
10:27:49.971496 Board 1  -0.10805276  -1.716838241  -0.285139233  -0.285139233
10:27:50.552904 Board 1  0  -1.833895564  -0.285139233  -0.285139233
10:27:51.145856 Board 1  0.000375011  -0.154317215  0.001687551  -0.136129156
10:27:51.721996 Board 1  -0.006002931  -1.707833886  -0.285139233  -0.285139233
10:27:52.310396 Board 1  0  -1.815886736  -0.285139233  -0.285139233
10:27:52.889916 Board 1  0.243118718  -1.590776801  -0.285139233  -0.285139233
10:27:53.469863 Board 1  0.05402638  -1.746852994  -0.285139233  -0.285139233
10:27:54.051522 Board 1  -0.10805276  -1.722841263  -0.285139233  -0.285139233
10:27:54.626057 Board 1  0  -1.635798693  -0.285139233  -0.285139233
10:27:55.204625 Board 1  0.228111386  -1.809883714  -0.285139233  -0.285139233
10:27:55.794676 Board 1  -0.270131916  -1.872914433  -0.285139233  -0.285139233
10:27:56.382687 Board 1  0  -1.722841263  -0.285139233  -0.285139233
10:27:56.962296 Board 1  0  -2.056004047  -0.285139233  -0.285139233
10:27:57.523293 Board 1  0  -1.722841263  -0.285139233  -0.285139233
10:27:58.100834 Board 1  0  -1.69582808  -0.285139233  -0.285139233
10:27:58.687185 Board 1  0.012005863  -1.872914433  -0.285139233  -0.285139233
10:27:59.264367 Board 1  0  -1.719839692  -0.285139233  -0.285139233
10:27:59.821832 Board 1  0  -1.815886736  -0.285139233  -0.285139233
10:28:00.414564 Board 1  -0.111054227  -1.719839692  -0.285139233  -0.285139233
10:28:00.989825 Board 1  0.195095271  -1.764861822  -0.285139233  -0.285139233
10:28:01.575172 Board 1  0.234114304  -1.82188952  -0.285139233  -0.285139233
10:28:02.160274 Board 1  0.153074741  -1.842899919  -0.285139233  -0.285139233
10:28:02.741228 Board 1  0  -1.719839692  -0.285139233  -0.285139233
10:28:03.309062 Board 1  0.309150964  -1.743851542  -0.285139233  -0.285139233
10:28:03.861118 Board 1  -0.072035171  -1.78287065  -0.285139233  -0.285139233
10:28:04.423875 Board 1  0.15007329  -1.839898348  -0.285139233  -0.285139233
10:28:04.981430 Board 1  -0.006002931  -1.815886736  -0.285139233  -0.285139233
10:28:05.543599 Board 1  0.345168531  -1.932943821  -0.285139233  -0.285139233
10:28:06.106903 Board 1  0  -1.578770995  -0.285139233  -0.285139233
10:28:06.672076 Board 1  0  -0.158817351  0.000750023  -0.146629468
10:28:07.234663 Board 1  0.210102603  -1.839898348  -0.285139233  -0.285139233
10:28:07.788605 Board 1  0  -1.722841263  -0.285139233  -0.285139233
10:28:08.353230 Board 1  0.000375011  -0.170067683  0.000562517  -0.110253371
10:28:08.914199 Board 1  0.213104054  -1.869912982  -0.285139233  -0.285139233
10:28:09.472539 Board 1  0.000562517  -0.168755159  0.001125034  -0.145316944
10:28:10.034166 Board 1  0.000187506  -0.154129714  0.000937529  -0.147379503
10:28:10.595262 Board 1  0.195095271  -1.770864606  -0.285139233  -0.285139233
10:28:11.153509 Board 1  0.030014656  -1.869912982  -0.285139233  -0.285139233
10:28:11.713016 Board 1  -0.021010259  -1.713836908  -0.285139233  -0.285139233
10:28:12.267187 Board 1  0.000750023  -0.14475441  0.001125034  -0.073689751
10:28:12.821359 Board 1  0.369180292  -1.935945392  -0.285139233  -0.285139233
10:28:13.381318 Board 1  -0.015007328  -1.719839692  -0.285139233  -0.285139233
10:28:13.939748 Board 1  -0.114055693  -1.82489109  -0.285139233  -0.285139233
10:28:14.499613 Board 1  0  -1.82188952  -0.285139233  -0.285139233
10:28:15.051469 Board 1  0.08103957  -1.659810543  -0.285139233  -0.285139233
10:28:15.614001 Board 1  0.05402638  -2.06200695  -0.285139233  -0.285139233
10:28:16.177458 Board 1  0  -1.698829532  -0.285139233  -0.285139233
10:28:16.736543 Board 1  0.291142166  -1.839898348  -0.285139233  -0.285139233
10:28:17.297232 Board 1  0.000375011  -0.165942565  0.001125034  -0.150567085
10:28:17.856062 Board 1  0.309150964  -1.926940918  -0.285139233  -0.285139233
10:28:18.417406 Board 1  -0.009004396  -1.854905725  -0.285139233  -0.285139233
10:28:18.977268 Board 1  0.099048361  -1.578770995  -0.285139233  -0.285139233
10:28:19.530108 Board 1  -0.000375011  -0.163880005  0.00131254  -0.145691946
10:28:20.086065 Board 1  0  -0.174192816  0.001500046  -0.148129523
10:28:20.640682 Board 1  0.291142166  -1.839898348  -0.285139233  -0.285139233
10:28:21.199154 Board 1  -0.120058626  -1.635798693  -0.285139233  -0.285139233
10:28:21.756148 Board 1  0  -1.740850091  -0.285139233  -0.285139233
10:28:22.314638 Board 1  -0.021010259  -1.716838241  -0.285139233  -0.285139233
10:28:22.865978 Board 1  0.309150964  -1.881918907  -0.285139233  -0.285139233
10:28:23.425011 Board 1  0  -1.776867628  -0.285139233  -0.285139233
10:28:23.979617 Board 1  0  -1.743851542  -0.285139233  -0.285139233
10:28:24.541207 Board 1  0.05402638  -1.722841263  -0.285139233  -0.285139233
10:28:25.101082 Board 1  -0.114055693  -1.773866177  -0.285139233  -0.285139233
10:28:25.687810 Board 1  0  -1.785871983  -0.285139233  -0.285139233
10:28:26.249386 Board 1  0.084041037  -1.962958455  -0.285139233  -0.285139233
10:28:26.809306 Board 1  -0.012005863  -2.053002596  -0.285139233  -0.285139233
10:28:27.365613 Board 1  0  -1.812885284  -0.285139233  -0.285139233
10:28:27.928121 Board 1  0  -1.791875005  -0.285139233  -0.285139233
10:28:28.614967 Board 1  0  -1.641801715  -0.285139233  -0.285139233
10:28:29.173241 Board 1  0.000375011  -0.167630106  0.001125034  -0.159004852
10:28:29.732953 Board 1  0.276134819  -1.719839692  -0.285139233  -0.285139233
10:28:30.294156 Board 1  0  -1.773866177  -0.285139233  -0.285139233
10:28:30.855924 Board 1  0.072035171  -1.722841263  -0.285139233  -0.285139233
10:28:31.422513 Board 1  0.195095271  -1.698829532  -0.285139233  -0.285139233
10:28:31.980313 Board 1  0.000187506  -0.163880005  0.000937529  -0.120941192
10:28:32.537484 Board 1  0.000375011  -0.167067602  0.000937529  -0.159004852
10:28:33.095883 Board 1  -0.15007329  -1.725842714  -0.285139233  -0.285139233
10:28:33.654491 Board 1  0.246120185  -1.752855897  -0.285139233  -0.285139233
10:28:34.219355 Board 1  0.234114304  -1.716838241  -0.285139233  -0.285139233
10:28:34.780637 Board 1  0  -0.156004757  0.000750023  -0.137066692
10:28:35.335355 Board 1  -0.096046902  -1.719839692  -0.285139233  -0.285139233
10:28:35.898323 Board 1  0.000187506  -0.146254465  0.00131254  -0.141566828
10:28:36.457675 Board 1  0  -1.82188952  -0.285139233  -0.285139233
10:28:37.021781 Board 1  0.000187506  -0.143629387  0.001125034  -0.127691403
10:28:37.582143 Board 1  0  -1.656808972  -0.285139233  -0.285139233
10:28:38.146430 Board 1  0  -1.78287065  -0.285139233  -0.285139233
10:28:38.710203 Board 1  -0.000562517  -0.145316944  0.00131254  -0.074814782
10:28:39.271046 Board 1  0  -1.767863154  -0.285139233  -0.285139233
10:28:39.836662 Board 1  -0.153074741  -1.82489109  -0.285139233  -0.285139233
10:28:40.401728 Board 1  0  -1.710835457  -0.285139233  -0.285139233
10:28:40.960787 Board 1  0  -2.034993649  -0.285139233  -0.285139233
10:28:41.527177 Board 1  -0.000562517  -0.136879176  0.00131254  -0.071252175
10:28:42.088953 Board 1  -0.024011726  -1.719839692  -0.285139233  -0.285139233
10:28:42.653929 Board 1  0.069033705  -2.046999454  -0.285139233  -0.285139233
10:28:43.226075 Board 1  -0.090043969  -1.785871983  -0.285139233  -0.285139233
10:28:43.786655 Board 1  0.048023451  -1.710835457  -0.285139233  -0.285139233
10:28:44.352609 Board 1  -0.08103957  -1.722841263  -0.285139233  -0.285139233
10:28:44.912682 Board 1  0.210102603  -1.872914433  -0.285139233  -0.285139233
10:28:45.482975 Board 1  0.05402638  -1.791875005  -0.285139233  -0.285139233
10:28:46.047277 Board 1  -0.192093804  -1.785871983  -0.285139233  -0.285139233
10:28:46.606516 Board 1  0  -2.215081453  -0.285139233  -0.285139233
10:28:47.169075 Board 1  0  -1.719839692  -0.285139233  -0.285139233
10:28:47.727353 Board 1  0  -1.653807521  -0.285139233  -0.285139233
10:28:48.293864 Board 1  0  -1.932943821  -0.285139233  -0.285139233
10:28:48.852796 Board 1  0  -1.82188952  -0.285139233  -0.285139233
10:28:49.414675 Board 1  0.048023451  -1.719839692  -0.285139233  -0.285139233
10:28:49.980212 Board 1  0  -1.818888068  -0.285139233  -0.285139233
10:28:50.556984 Board 1  0.069033705  -1.785871983  -0.285139233  -0.285139233
10:28:51.118722 Board 1  0  -1.82188952  -0.285139233  -0.285139233
10:28:51.682556 Board 1  0.093045436  -1.719839692  -0.285139233  -0.285139233
10:28:52.248408 Board 1  -0.126061559  -1.725842714  -0.285139233  -0.285139233
10:28:52.812767 Board 1  0.10805276  -1.827892542  -0.285139233  -0.285139233
10:28:53.371826 Board 1  0.147071809  -1.842899919  -0.285139233  -0.285139233
10:28:53.933048 Board 1  0.075036645  -1.965960026  -0.285139233  -0.285139233
10:28:54.498412 Board 1  0  -1.827892542  -0.285139233  -0.285139233
10:28:55.060938 Board 1  0  -1.488726974  -0.285139233  -0.285139233
10:28:55.629498 Board 1  0  -1.842899919  -0.285139233  -0.285139233
10:28:56.195423 Board 1  0.138067409  -1.82489109  -0.285139233  -0.285139233
10:28:56.760433 Board 1  0  -1.716838241  -0.285139233  -0.285139233
10:28:57.324068 Board 1  0.288140684  -1.842899919  -0.285139233  -0.285139233
10:28:57.887609 Board 1  0  -1.848902822  -0.285139233  -0.285139233
10:28:58.448718 Board 1  0  -1.842899919  -0.285139233  -0.285139233
10:28:59.005153 Board 1  0  -1.755857348  -0.285139233  -0.285139233
10:28:59.575854 Board 1  -0.096046902  -1.935945392  -0.285139233  -0.285139233
10:29:00.137196 Board 1  0.288140684  -1.84590137  -0.285139233  -0.285139233
10:29:00.704331 Board 1  0  -1.641801715  -0.285139233  -0.285139233
10:29:01.261257 Board 1  0.177086473  -1.890923262  -0.285139233  -0.285139233
10:29:01.822693 Board 1  0  -1.7588588  -0.285139233  -0.285139233
10:29:02.384174 Board 1  -0.009004396  -1.767863154  -0.285139233  -0.285139233
10:29:02.940887 Board 1  0.000187506  -0.155442238  0.001500046  -0.144566908
10:29:03.502671 Board 1  0.036017586  -1.722841263  -0.285139233  -0.285139233
10:29:04.065654 Board 1  0.099048361  -2.074012756  -0.285139233  -0.285139233
10:29:04.622239 Board 1  0  -1.84590137  -0.285139233  -0.285139233
10:29:05.190203 Board 1  0  -1.722841263  -0.285139233  -0.285139233
10:29:05.751589 Board 1  0.15007329  -1.84590137  -0.285139233  -0.285139233
10:29:06.316964 Board 1  0.000187506  -0.171192735  0.001687551  -0.116066039
10:29:06.876861 Board 1  -0.099048361  -1.722841263  -0.285139233  -0.285139233
10:29:07.445895 Board 1  0.15007329  -1.842899919  -0.285139233  -0.285139233
10:29:08.013974 Board 1  0.000187506  -0.154692218  0.000937529  -0.13969177
10:29:08.579343 Board 1  0  -1.84590137  -0.285139233  -0.285139233
10:29:09.144416 Board 1  0  -1.770864606  -0.285139233  -0.285139233
10:29:09.704543 Board 1  0  -1.716838241  -0.285139233  -0.285139233
10:29:10.261183 Board 1  0.045021985  -2.028990746  -0.285139233  -0.285139233
10:29:10.824863 Board 1  -0.123060092  -1.725842714  -0.285139233  -0.285139233
10:29:11.386729 Board 1  0.000375011  -0.163129985  0.001125034  -0.149629563
10:29:11.944843 Board 1  0  -1.767863154  -0.285139233  -0.285139233
10:29:12.508384 Board 1  0.006002931  -1.716838241  -0.285139233  -0.285139233
10:29:13.071993 Board 1  0  -1.755857348  -0.285139233  -0.285139233
10:29:13.633852 Board 1  0.000187506  -0.16162993  0.000562517  -0.14475441
10:29:14.200133 Board 1  0.024011726  -1.881918907  -0.285139233  -0.285139233
10:29:14.760682 Board 1  0.10805276  -1.641801715  -0.285139233  -0.285139233
10:29:15.321482 Board 1  0  -1.77986908  -0.285139233  -0.285139233
10:29:15.881618 Board 1  0  -1.653807521  -0.285139233  -0.285139233
10:29:16.438980 Board 1  0.000187506  -0.161067426  0.000562517  -0.150192097
10:29:16.997255 Board 1  0  -1.476721168  -0.285139233  -0.285139233
10:29:17.557306 Board 1  0  -1.82489109  -0.285139233  -0.285139233
10:29:18.112515 Board 1  0  -1.476721168  -0.285139233  -0.285139233
10:29:18.674899 Board 1  0  -1.719839692  -0.285139233  -0.285139233
10:29:19.232576 Board 1  0.213104054  -1.965960026  -0.285139233  -0.285139233
10:29:19.792314 Board 1  -0.015007328  -1.965960026  -0.285139233  -0.285139233
10:29:20.350875 Board 1  0  -1.986970305  -0.285139233  -0.285139233
10:29:20.907191 Board 1  0.111054227  -1.923939347  -0.285139233  -0.285139233
10:29:21.465588 Board 1  0  -1.776867628  -0.285139233  -0.285139233
10:29:22.030806 Board 1  0.000187506  -0.165005043  0.001500046  -0.141379327
10:29:22.588510 Board 1  0  -1.82489109  -0.285139233  -0.285139233
10:29:23.159856 Board 1  0.000375011  -0.189005762  0.000937529  -0.15862985
10:29:23.718742 Board 1  0  -1.73784852  -0.285139233  -0.285139233
10:29:24.282648 Board 1  0.198096722  -1.872914433  -0.285139233  -0.285139233
10:29:24.848177 Board 1  0  -1.506735802  -0.285139233  -0.285139233
10:29:25.407475 Board 1  0  -1.73784852  -0.285139233  -0.285139233
10:29:25.964732 Board 1  0.000187506  -0.15131712  0.001875057  -0.133504063
10:29:26.523910 Board 1  0.069033705  -2.12503767  -0.285139233  -0.285139233
10:29:27.086113 Board 1  -0.10805276  -1.722841263  -0.285139233  -0.285139233
10:29:27.643057 Board 1  0  -1.84590137  -0.285139233  -0.285139233
10:29:28.201285 Board 1  0  -1.761860371  -0.285139233  -0.285139233
10:29:28.766181 Board 1  0.17108354  -1.722841263  -0.285139233  -0.285139233
10:29:29.329117 Board 1  0  -1.725842714  -0.285139233  -0.285139233
10:29:29.884089 Board 1  0  -1.767863154  -0.285139233  -0.285139233
10:29:30.447981 Board 1  -0.114055693  -1.84590137  -0.285139233  -0.285139233
10:29:31.007082 Board 1  -0.009004396  -1.716838241  -0.285139233  -0.285139233
10:29:31.565228 Board 1  0  -1.830893993  -0.285139233  -0.285139233
10:29:32.126954 Board 1  0  -0.164630026  0.00131254  -0.132004023
10:29:32.690047 Board 1  0.000187506  -0.162567466  0.001500046  -0.14925456
10:29:33.251174 Board 1  0  -1.848902822  -0.285139233  -0.285139233
10:29:33.819412 Board 1  -0.117057152  -1.929942369  -0.285139233  -0.285139233
10:29:34.382893 Board 1  0  -1.728844166  -0.285139233  -0.285139233
10:29:34.946090 Board 1  0  -1.848902822  -0.285139233  -0.285139233
10:29:35.506778 Board 1  0  -1.82489109  -0.285139233  -0.285139233
10:29:36.076040 Board 1  0.255124569  -1.767863154  -0.285139233  -0.285139233
10:29:36.641015 Board 1  0.093045436  -1.719839692  -0.285139233  -0.285139233
10:29:37.206993 Board 1  0  -1.719839692  -0.285139233  -0.285139233
10:29:37.765484 Board 1  0.096046902  -1.719839692  -0.285139233  -0.285139233
10:29:38.329748 Board 1  0  -1.77986908  -0.285139233  -0.285139233
10:29:38.895496 Board 1  -0.012005863  -1.722841263  -0.285139233  -0.285139233
10:29:39.458591 Board 1  -0.126061559  -1.725842714  -0.285139233  -0.285139233
10:29:40.020753 Board 1  0.204099655  -1.944949746  -0.285139233  -0.285139233
10:29:40.589285 Board 1  0  -1.827892542  -0.285139233  -0.285139233
10:29:41.152314 Board 1  0  -1.980967283  -0.285139233  -0.285139233
10:29:41.709190 Board 1  -0.02701319  -2.107028723  -0.285139233  -0.285139233
10:29:42.279961 Board 1  0  -1.725842714  -0.285139233  -0.285139233
10:29:42.839704 Board 1  0.111054227  -1.929942369  -0.285139233  -0.285139233
10:29:43.408201 Board 1  -0.012005863  -2.040996552  -0.285139233  -0.285139233
10:29:43.987499 Board 1  0.000187506  -0.173817813  0.001500046  -0.162192449
10:29:44.545738 Board 1  0  -1.656808972  -0.285139233  -0.285139233
10:29:45.112100 Board 1  0  -1.716838241  -0.285139233  -0.285139233
10:29:45.676538 Board 1  0  -2.028990746  -0.285139233  -0.285139233
10:29:46.237164 Board 1  -0.117057152  -1.848902822  -0.285139233  -0.285139233
10:29:46.802798 Board 1  0.087042496  -1.725842714  -0.285139233  -0.285139233
10:29:47.372130 Board 1  0.216105521  -1.716838241  -0.285139233  -0.285139233
10:29:47.931512 Board 1  -0.009004396  -1.773866177  -0.285139233  -0.285139233
10:29:48.495787 Board 1  0  -1.650806069  -0.285139233  -0.285139233
10:29:49.067509 Board 1  0.063030779  -1.725842714  -0.285139233  -0.285139233
10:29:49.631759 Board 1  0  -1.725842714  -0.285139233  -0.285139233
10:29:50.196759 Board 1  0  -1.84590137  -0.285139233  -0.285139233
10:29:50.753873 Board 1  0  -1.653807521  -0.285139233  -0.285139233
10:29:51.310159 Board 1  0.000187506  -0.163504988  0.000750023  -0.149817079
10:29:51.870919 Board 1  0  -1.725842714  -0.285139233  -0.285139233
10:29:52.434718 Board 1  0  -1.647804499  -0.285139233  -0.285139233
10:29:52.991493 Board 1  0  -1.764861822  -0.285139233  -0.285139233
10:29:53.556057 Board 1  0  -1.776867628  -0.285139233  -0.285139233
10:29:54.122199 Board 1  0  -1.854905725  -0.285139233  -0.285139233
10:29:54.681224 Board 1  0.000375011  -0.15281716  0.001500046  -0.130316481
10:29:55.245556 Board 1  0.111054227  -1.656808972  -0.285139233  -0.285139233
10:29:55.811176 Board 1  0.000187506  -0.153567195  0.00131254  -0.138191715
10:29:56.369081 Board 1  0.045021985  -1.980967283  -0.285139233  -0.285139233
10:29:56.931993 Board 1  0  -1.4797225  -0.285139233  -0.285139233
10:29:57.492159 Board 1  0  -1.848902822  -0.285139233  -0.285139233
10:29:58.058909 Board 1  0  -1.593778253  -0.285139233  -0.285139233
10:29:58.628272 Board 1  0  -1.725842714  -0.285139233  -0.285139233
10:29:59.190951 Board 1  0  -1.725842714  -0.285139233  -0.285139233
10:29:59.744645 Board 1  -0.168082073  -1.82188952  -0.285139233  -0.285139233
10:30:00.306240 Board 1  0  -1.767863154  -0.285139233  -0.285139233
10:30:00.868908 Board 1  0  -1.830893993  -0.285139233  -0.285139233
10:30:01.437412 Board 1  0.069033705  -1.974964261  -0.285139233  -0.285139233
10:30:02.004564 Board 1  0  -1.84590137  -0.285139233  -0.285139233
10:30:02.576414 Board 1  0  -1.7588588  -0.285139233  -0.285139233
10:30:03.132174 Board 1  0.051024914  -1.833895564  -0.285139233  -0.285139233
10:30:03.694548 Board 1  0  -1.722841263  -0.285139233  -0.285139233
10:30:04.259044 Board 1  0.207101122  -1.728844166  -0.285139233  -0.285139233
10:30:04.817878 Board 1  -0.012005863  -1.719839692  -0.285139233  -0.285139233
10:30:05.386142 Board 1  0.000750023  -0.144941926  0.00131254  -0.076314829
10:30:05.947505 Board 1  0.000187506  -0.155629754  0.001125034  -0.146066964
10:30:06.509172 Board 1  0  -1.719839692  -0.285139233  -0.285139233
10:30:07.069675 Board 1  0  -1.806882262  -0.285139233  -0.285139233
10:30:07.630818 Board 1  0.105051301  -1.7588588  -0.285139233  -0.285139233
10:30:08.195421 Board 1  -0.141068891  -1.716838241  -0.285139233  -0.285139233
10:30:08.758695 Board 1  0.009004396  -1.878917456  -0.285139233  -0.285139233
10:30:09.322535 Board 1  -0.075036645  -1.932943821  -0.285139233  -0.285139233
10:30:09.879836 Board 1  0  -1.764861822  -0.285139233  -0.285139233
10:30:10.443778 Board 1  0  -1.755857348  -0.285139233  -0.285139233
10:30:11.014652 Board 1  0  -1.848902822  -0.285139233  -0.285139233
10:30:11.585293 Board 1  0.000187506  -0.180943027  0.00131254  -0.154692218
10:30:12.142075 Board 1  0.000187506  -0.162567466  0.00131254  -0.112128422
10:30:12.701636 Board 1  0.147071809  -1.767863154  -0.285139233  -0.285139233
10:30:13.267266 Board 1  0.099048361  -1.78287065  -0.285139233  -0.285139233
10:30:13.834726 Board 1  -0.243118718  -2.071011066  -0.285139233  -0.285139233
10:30:14.393847 Board 1  0  -1.82489109  -0.285139233  -0.285139233
10:30:14.955818 Board 1  0  -1.73784852  -0.285139233  -0.285139233
10:30:15.517914 Board 1  0  -1.770864606  -0.285139233  -0.285139233
10:30:16.078414 Board 1  0.048023451  -1.713836908  -0.285139233  -0.285139233
10:30:16.640874 Board 1  -0.105051301  -1.932943821  -0.285139233  -0.285139233
